Network for patient1, sim0, stage0
8500 4000 20	 box dimensions in microns
50 50 1	 number of tissue points in x,y,z directions
10000	 outer bound distance
3750.0	 max. segment length.  (5. in test case)
4  	 nodsegm, max. allowed number of segments per node
415	 total number of segments
name	 type	 from	 to	 diam		 flow		 HD
0	 5	 0	 1	 80.0		 10.0	 0.4
1	 5	 1	 2	 63.32165535177881		 4.999999999999999	 0.4
2	 5	 2	 3	 59.046246828472334		 3.749999999999999	 0.4
3	 5	 3	 4	 59.046246828472334		 3.749999999999999	 0.4
4	 5	 4	 5	 59.046246828472334		 3.749999999999999	 0.4
5	 5	 5	 6	 59.046246828472334		 3.749999999999999	 0.4
6	 5	 6	 7	 59.046246828472334		 3.749999999999999	 0.4
7	 5	 7	 8	 59.046246828472334		 3.749999999999999	 0.4
8	 5	 8	 9	 59.046246828472334		 3.749999999999999	 0.4
9	 5	 9	 10	 59.046246828472334		 3.749999999999999	 0.4
10	 5	 10	 11	 53.74296340562286		 2.4999999999999996	 0.4
11	 5	 11	 12	 53.74296340562286		 2.4999999999999996	 0.4
12	 5	 12	 13	 51.4152697517588		 2.1428571428571423	 0.4
13	 5	 13	 14	 45.107273191471045		 1.339285714285714	 0.4
14	 5	 14	 15	 45.107273191471045		 1.339285714285714	 0.4
15	 5	 15	 16	 23.131991034763015		 0.08928571428571429	 0.4
16	 5	 16	 17	 23.131991034763015		 0.08928571428571429	 0.4
17	 5	 17	 18	 23.131991034763015		 0.08928571428571429	 0.4
18	 5	 18	 19	 23.131991034763015		 0.08928571428571429	 0.4
19	 5	 19	 20	 23.131991034763015		 0.08928571428571429	 0.4
20	 5	 20	 21	 23.131991034763015		 0.08928571428571429	 0.4
21	 5	 21	 22	 23.131991034763015		 0.08928571428571429	 0.4
22	 5	 15	 23	 42.836466175177264		 1.2499999999999998	 0.4
23	 5	 23	 24	 42.836466175177264		 1.2499999999999998	 0.4
24	 5	 24	 25	 42.836466175177264		 1.2499999999999998	 0.4
25	 5	 277	 26	 15.83664525300185		 0.08928571428571429	 0.4
26	 5	 26	 27	 42.036672974936515		 1.1607142857142856	 0.4
27	 5	 27	 28	 14.977526078788014		 0.08928571428571429	 0.4
28	 5	 28	 29	 41.333801557437305		 1.0714285714285714	 0.4
29	 5	 29	 30	 41.333801557437305		 1.0714285714285714	 0.4
30	 5	 225	 31	 41.333801557437305		 1.0714285714285714	 0.4
31	 5	 31	 32	 41.333801557437305		 1.0714285714285714	 0.4
32	 5	 32	 33	 41.333801557437305		 1.0714285714285714	 0.4
33	 5	 33	 34	 41.333801557437305		 1.0714285714285714	 0.4
34	 5	 34	 35	 31.069809976784303		 0.5357142857142857	 0.4
35	 5	 35	 36	 15.896067019223013		 0.08928571428571429	 0.4
36	 5	 36	 37	 29.516936934252683		 0.44642857142857145	 0.4
37	 5	 301	 38	 28.02962582926976		 0.35714285714285715	 0.4
38	 5	 38	 39	 25.673774492921492		 0.26785714285714285	 0.4
39	 5	 39	 40	 18.164637238273173		 0.08928571428571429	 0.4
40	 5	 40	 41	 22.029422081683236		 0.17857142857142858	 0.4
41	 5	 241	 42	 18.826631676392072		 0.08928571428571429	 0.4
42	 5	 42	 43	 15.6950798419656		 0.08928571428571429	 0.4
43	 5	 43	 44	 16.922115739940118		 0.08928571428571429	 0.4
44	 5	 44	 45	 15.141405409382262		 0.08928571428571429	 0.4
45	 5	 45	 46	 34.080884090110125		 0.5357142857142857	 0.4
46	 5	 13	 47	 34.080884090110125		 0.5357142857142857	 0.4
47	 5	 47	 48	 34.080884090110125		 0.5357142857142857	 0.4
48	 5	 48	 49	 34.080884090110125		 0.5357142857142857	 0.4
49	 5	 253	 50	 34.080884090110125		 0.5357142857142857	 0.4
50	 5	 50	 51	 34.080884090110125		 0.5357142857142857	 0.4
51	 5	 51	 52	 34.080884090110125		 0.5357142857142857	 0.4
52	 5	 273	 53	 34.080884090110125		 0.5357142857142857	 0.4
53	 5	 53	 54	 15.617836640797766		 0.08928571428571429	 0.4
54	 5	 54	 55	 32.865468409450756		 0.44642857142857145	 0.4
55	 5	 55	 56	 32.865468409450756		 0.44642857142857145	 0.4
56	 5	 56	 57	 32.865468409450756		 0.44642857142857145	 0.4
57	 5	 57	 58	 32.865468409450756		 0.44642857142857145	 0.4
58	 5	 58	 59	 32.865468409450756		 0.44642857142857145	 0.4
59	 5	 411	 60	 19.692322951534756		 0.08928571428571429	 0.4
60	 5	 407	 61	 30.169154726909266		 0.35714285714285715	 0.4
61	 5	 61	 62	 30.169154726909266		 0.35714285714285715	 0.4
62	 5	 353	 63	 30.169154726909266		 0.35714285714285715	 0.4
63	 5	 63	 64	 30.169154726909266		 0.35714285714285715	 0.4
64	 5	 64	 65	 30.169154726909266		 0.35714285714285715	 0.4
65	 5	 333	 66	 30.169154726909266		 0.35714285714285715	 0.4
66	 5	 66	 67	 20.142162788667108		 0.08928571428571429	 0.4
67	 5	 12	 68	 26.64846307015849		 0.26785714285714285	 0.4
68	 5	 68	 69	 25.361298443945966		 0.17857142857142858	 0.4
69	 5	 69	 70	 21.08476425241333		 0.08928571428571429	 0.4
70	 5	 70	 71	 18.851928289939664		 0.08928571428571429	 0.4
71	 5	 71	 72	 13.483890404050259		 0.08928571428571429	 0.4
72	 5	 72	 73	 34.84530134888829		 0.8035714285714286	 0.4
73	 5	 73	 74	 34.84530134888829		 0.8035714285714286	 0.4
74	 5	 74	 75	 34.84530134888829		 0.8035714285714286	 0.4
75	 5	 75	 76	 14.470942828240553		 0.08928571428571429	 0.4
76	 5	 347	 77	 33.922933454948286		 0.7142857142857143	 0.4
77	 5	 77	 78	 33.922933454948286		 0.7142857142857143	 0.4
78	 5	 78	 79	 33.922933454948286		 0.7142857142857143	 0.4
79	 5	 79	 80	 33.922933454948286		 0.7142857142857143	 0.4
80	 5	 80	 81	 14.52895796392119		 0.08928571428571429	 0.4
81	 5	 10	 82	 32.93742302565534		 0.625	 0.4
82	 5	 82	 83	 32.93742302565534		 0.625	 0.4
83	 5	 83	 84	 32.93742302565534		 0.625	 0.4
84	 5	 84	 85	 32.93742302565534		 0.625	 0.4
85	 5	 299	 86	 32.93742302565534		 0.625	 0.4
86	 5	 279	 87	 32.93742302565534		 0.625	 0.4
87	 5	 87	 88	 32.93742302565534		 0.625	 0.4
88	 5	 88	 89	 32.93742302565534		 0.625	 0.4
89	 5	 89	 90	 14.818508293685134		 0.08928571428571429	 0.4
90	 5	 287	 91	 31.82671005971499		 0.5357142857142857	 0.4
91	 5	 91	 92	 31.82671005971499		 0.5357142857142857	 0.4
92	 5	 92	 93	 14.91272145624362		 0.08928571428571429	 0.4
93	 5	 93	 94	 30.612147171058403		 0.44642857142857145	 0.4
94	 5	 94	 95	 30.612147171058403		 0.44642857142857145	 0.4
95	 5	 2	 96	 30.612147171058403		 0.44642857142857145	 0.4
96	 5	 96	 97	 16.27311802916455		 0.08928571428571429	 0.4
97	 5	 217	 98	 28.889468419554262		 0.35714285714285715	 0.4
98	 5	 98	 99	 28.889468419554262		 0.35714285714285715	 0.4
99	 5	 245	 100	 28.889468419554262		 0.35714285714285715	 0.4
100	 5	 100	 101	 28.889468419554262		 0.35714285714285715	 0.4
101	 5	 249	 102	 17.74295917924066		 0.08928571428571429	 0.4
102	 5	 102	 103	 26.323775023215443		 0.26785714285714285	 0.4
103	 5	 103	 104	 26.323775023215443		 0.26785714285714285	 0.4
104	 5	 104	 105	 26.323775023215443		 0.26785714285714285	 0.4
105	 5	 105	 106	 24.56160924940121		 0.17857142857142858	 0.4
106	 5	 106	 107	 22.05065447617424		 0.08928571428571429	 0.4
107	 5	 107	 108	 15.75334522766446		 0.08928571428571429	 0.4
108	 5	 108	 109	 14.792442523567821		 0.08928571428571429	 0.4
109	 5	 1	 110	 26.245931785813998		 0.35714285714285715	 0.4
110	 5	 110	 111	 26.245931785813998		 0.35714285714285715	 0.4
111	 5	 111	 112	 26.245931785813998		 0.35714285714285715	 0.4
112	 5	 112	 113	 26.245931785813998		 0.35714285714285715	 0.4
113	 5	 113	 114	 26.245931785813998		 0.35714285714285715	 0.4
114	 5	 114	 115	 26.245931785813998		 0.35714285714285715	 0.4
115	 5	 115	 116	 26.245931785813998		 0.35714285714285715	 0.4
116	 5	 116	 117	 26.245931785813998		 0.35714285714285715	 0.4
117	 5	 117	 118	 26.245931785813998		 0.35714285714285715	 0.4
118	 5	 118	 119	 15.068078984493527		 0.08928571428571429	 0.4
119	 5	 119	 120	 24.366208512536968		 0.26785714285714285	 0.4
120	 5	 120	 121	 24.366208512536968		 0.26785714285714285	 0.4
121	 5	 121	 122	 24.366208512536968		 0.26785714285714285	 0.4
122	 5	 122	 123	 24.366208512536968		 0.26785714285714285	 0.4
123	 5	 123	 124	 24.366208512536968		 0.26785714285714285	 0.4
124	 5	 124	 125	 24.366208512536968		 0.26785714285714285	 0.4
125	 5	 125	 126	 17.97264526789146		 0.08928571428571429	 0.4
126	 5	 126	 127	 20.368440878272445		 0.17857142857142858	 0.4
127	 5	 127	 128	 18.225581088488475		 0.08928571428571429	 0.4
128	 5	 128	 129	 13.178745485158732		 0.08928571428571429	 0.4
129	 5	 122	 130	 36.39107763679362		 1.2499999999999998	 0.4
130	 5	 130	 131	 36.39107763679362		 1.2499999999999998	 0.4
131	 5	 131	 132	 36.39107763679362		 1.2499999999999998	 0.4
132	 5	 275	 133	 36.39107763679362		 1.2499999999999998	 0.4
133	 5	 133	 134	 13.34803849601998		 0.08928571428571429	 0.4
134	 5	 134	 135	 35.72746890833998		 1.1607142857142856	 0.4
135	 5	 135	 136	 35.72746890833998		 1.1607142857142856	 0.4
136	 5	 136	 137	 13.517062440287352		 0.08928571428571429	 0.4
137	 5	 229	 138	 35.01266938808854		 1.0714285714285714	 0.4
138	 5	 255	 139	 35.01266938808854		 1.0714285714285714	 0.4
139	 5	 139	 140	 35.01266938808854		 1.0714285714285714	 0.4
140	 5	 269	 141	 35.01266938808854		 1.0714285714285714	 0.4
141	 5	 141	 142	 35.01266938808854		 1.0714285714285714	 0.4
142	 5	 142	 143	 18.374326126442273		 0.17857142857142858	 0.4
143	 5	 231	 144	 15.038237678775584		 0.08928571428571429	 0.4
144	 5	 144	 145	 13.94331034036996		 0.08928571428571429	 0.4
145	 5	 145	 146	 33.11956391595189		 0.8928571428571429	 0.4
146	 5	 146	 147	 33.11956391595189		 0.8928571428571429	 0.4
147	 5	 147	 148	 33.11956391595189		 0.8928571428571429	 0.4
148	 5	 148	 149	 33.11956391595189		 0.8928571428571429	 0.4
149	 5	 403	 150	 33.11956391595189		 0.8928571428571429	 0.4
150	 5	 150	 151	 33.11956391595189		 0.8928571428571429	 0.4
151	 5	 119	 152	 32.83786358818575		 0.8035714285714286	 0.4
152	 5	 152	 153	 22.820185398809095		 0.26785714285714285	 0.4
153	 5	 317	 154	 15.36317339696837		 0.08928571428571429	 0.4
154	 5	 154	 155	 20.08209185443993		 0.17857142857142858	 0.4
155	 5	 155	 156	 16.969494033491483		 0.08928571428571429	 0.4
156	 5	 156	 157	 14.574263646193668		 0.08928571428571429	 0.4
157	 5	 157	 158	 28.453457395611643		 0.5357142857142857	 0.4
158	 5	 158	 159	 18.950919422513728		 0.17857142857142858	 0.4
159	 5	 159	 160	 16.571756641171866		 0.08928571428571429	 0.4
160	 5	 160	 161	 12.931822769280906		 0.08928571428571429	 0.4
161	 5	 221	 162	 25.159516962223982		 0.35714285714285715	 0.4
162	 5	 162	 163	 21.169680593681566		 0.17857142857142858	 0.4
163	 5	 401	 164	 17.393962700382644		 0.08928571428571429	 0.4
164	 5	 164	 165	 15.98527554734866		 0.08928571428571429	 0.4
165	 5	 165	 166	 18.37906153511345		 0.17857142857142858	 0.4
166	 5	 117	 167	 16.399069422803105		 0.08928571428571429	 0.4
167	 5	 167	 168	 11.977713155149834		 0.08928571428571429	 0.4
168	 5	 168	 169	 9.399528654102147		 0.08928571428571429	 0.4
169	 5	 169	 170	 35.68031418723238		 1.25	 0.4
170	 5	 170	 171	 35.68031418723238		 1.25	 0.4
171	 5	 171	 172	 33.03669368972965		 0.9821428571428571	 0.4
172	 5	 172	 173	 32.575695245564546		 0.8928571428571428	 0.4
173	 5	 173	 174	 23.2839011821371		 0.35714285714285715	 0.4
174	 5	 174	 175	 15.581543106661286		 0.08928571428571429	 0.4
175	 5	 265	 176	 20.54555194447723		 0.26785714285714285	 0.4
176	 5	 176	 177	 18.95176796325947		 0.17857142857142858	 0.4
177	 5	 177	 178	 15.9809164170221		 0.08928571428571429	 0.4
178	 5	 267	 179	 13.79862383269612		 0.08928571428571429	 0.4
179	 5	 179	 180	 12.096230356966162		 0.08928571428571429	 0.4
180	 5	 180	 181	 27.78660174250907		 0.5357142857142857	 0.4
181	 5	 181	 182	 14.994563018572732		 0.08928571428571429	 0.4
182	 5	 182	 183	 26.14809026719944		 0.4464285714285714	 0.4
183	 5	 379	 184	 19.174351272558262		 0.17857142857142858	 0.4
184	 5	 184	 185	 14.20380378896624		 0.08928571428571429	 0.4
185	 5	 385	 186	 15.980436565710386		 0.08928571428571429	 0.4
186	 5	 112	 187	 21.94551665345519		 0.26785714285714285	 0.4
187	 5	 187	 188	 16.27293421188163		 0.08928571428571429	 0.4
188	 5	 188	 189	 18.276981873510678		 0.17857142857142858	 0.4
189	 5	 189	 190	 15.257116552325227		 0.08928571428571429	 0.4
190	 5	 293	 191	 13.508070259836552		 0.08928571428571429	 0.4
191	 5	 191	 192	 11.077883752142275		 0.08928571428571429	 0.4
192	 5	 192	 193	 20.705280551813264		 0.26785714285714285	 0.4
193	 5	 193	 194	 20.705280551813264		 0.26785714285714285	 0.4
194	 5	 251	 195	 20.705280551813264		 0.26785714285714285	 0.4
195	 5	 195	 196	 13.470858238810786		 0.08928571428571429	 0.4
196	 5	 196	 197	 18.48709708672222		 0.17857142857142858	 0.4
197	 5	 197	 198	 18.48709708672222		 0.17857142857142858	 0.4
198	 5	 198	 199	 18.48709708672222		 0.17857142857142858	 0.4
199	 5	 335	 200	 13.589419201568614		 0.08928571428571429	 0.4
200	 5	 200	 201	 15.49041094889359		 0.08928571428571429	 0.4
201	 5	 201	 202	 15.49041094889359		 0.08928571428571429	 0.4
202	 5	 111	 203	 15.49041094889359		 0.08928571428571429	 0.4
203	 5	 203	 204	 15.49041094889359		 0.08928571428571429	 0.4
204	 5	 204	 205	 15.49041094889359		 0.08928571428571429	 0.4
205	 5	 205	 206	 15.49041094889359		 0.08928571428571429	 0.4
206	 5	 206	 207	 15.49041094889359		 0.08928571428571429	 0.4
207	 5	 283	 208	 15.49041094889359		 0.08928571428571429	 0.4
208	 5	 208	 209	 15.49041094889359		 0.08928571428571429	 0.4
209	 5	 209	 210	 63.03464276671129		 5.0	 0.4
210	 5	 210	 211	 63.03464276671129		 5.0	 0.4
211	 5	 297	 212	 60.636099153923496		 4.285714285714286	 0.4
212	 5	 212	 213	 58.41370473909059		 3.7499999999999996	 0.4
213	 5	 213	 214	 58.41370473909059		 3.7499999999999996	 0.4
214	 5	 214	 215	 58.41370473909059		 3.7499999999999996	 0.4
215	 5	 97	 216	 58.41370473909059		 3.7499999999999996	 0.4
216	 5	 97	 217	 58.41370473909059		 3.7499999999999996	 0.4
217	 5	 216	 218	 53.56324654866241		 2.7678571428571423	 0.4
218	 5	 216	 219	 53.56324654866241		 2.7678571428571423	 0.4
219	 5	 161	 220	 46.62816305552215		 1.6071428571428568	 0.4
220	 5	 161	 221	 46.62816305552215		 1.6071428571428568	 0.4
221	 5	 218	 222	 46.62816305552215		 1.6071428571428568	 0.4
222	 5	 218	 223	 22.99082030578524		 0.08928571428571429	 0.4
223	 5	 30	 224	 22.99082030578524		 0.08928571428571429	 0.4
224	 5	 30	 225	 22.99082030578524		 0.08928571428571429	 0.4
225	 5	 143	 226	 22.99082030578524		 0.08928571428571429	 0.4
226	 5	 143	 227	 22.99082030578524		 0.08928571428571429	 0.4
227	 5	 137	 228	 22.99082030578524		 0.08928571428571429	 0.4
228	 5	 137	 229	 22.99082030578524		 0.08928571428571429	 0.4
229	 5	 227	 230	 44.54829080527266		 1.5178571428571426	 0.4
230	 5	 227	 231	 44.54829080527266		 1.5178571428571426	 0.4
231	 5	 25	 232	 44.54829080527266		 1.5178571428571426	 0.4
232	 5	 25	 233	 14.747395614472754		 0.08928571428571429	 0.4
233	 5	 223	 234	 43.94996128502952		 1.4285714285714284	 0.4
234	 5	 223	 235	 43.94996128502952		 1.4285714285714284	 0.4
235	 5	 285	 236	 43.94996128502952		 1.4285714285714284	 0.4
236	 5	 285	 237	 43.94996128502952		 1.4285714285714284	 0.4
237	 5	 235	 238	 43.94996128502952		 1.4285714285714284	 0.4
238	 5	 235	 239	 43.94996128502952		 1.4285714285714284	 0.4
239	 5	 41	 240	 16.950061669573152		 0.08928571428571429	 0.4
240	 5	 41	 241	 43.0186196737298		 1.3392857142857142	 0.4
241	 5	 239	 242	 43.0186196737298		 1.3392857142857142	 0.4
242	 5	 239	 243	 16.02911523248763		 0.08928571428571429	 0.4
243	 5	 99	 244	 42.19637386766093		 1.25	 0.4
244	 5	 99	 245	 42.19637386766093		 1.25	 0.4
245	 5	 271	 246	 42.19637386766093		 1.25	 0.4
246	 5	 271	 247	 15.539682075027322		 0.08928571428571429	 0.4
247	 5	 101	 248	 41.417606486894144		 1.1607142857142858	 0.4
248	 5	 101	 249	 41.417606486894144		 1.1607142857142858	 0.4
249	 5	 194	 250	 41.417606486894144		 1.1607142857142858	 0.4
250	 5	 194	 251	 41.417606486894144		 1.1607142857142858	 0.4
251	 5	 49	 252	 27.17801676503641		 0.35714285714285715	 0.4
252	 5	 49	 253	 20.37581497377212		 0.17857142857142858	 0.4
253	 5	 138	 254	 17.69676734046129		 0.08928571428571429	 0.4
254	 5	 138	 255	 14.095880915579292		 0.08928571428571429	 0.4
255	 5	 220	 256	 22.45345961139734		 0.17857142857142858	 0.4
256	 5	 220	 257	 19.41502481004577		 0.08928571428571429	 0.4
257	 5	 257	 258	 15.6654523504184		 0.08928571428571429	 0.4
258	 5	 257	 259	 36.853478472805044		 0.8035714285714286	 0.4
259	 5	 222	 260	 22.111702199200007		 0.17857142857142858	 0.4
260	 5	 222	 261	 19.59442147905049		 0.08928571428571429	 0.4
261	 5	 261	 262	 14.653021553427479		 0.08928571428571429	 0.4
262	 5	 261	 263	 33.816896925152605		 0.625	 0.4
263	 5	 175	 264	 33.816896925152605		 0.625	 0.4
264	 5	 175	 265	 33.816896925152605		 0.625	 0.4
265	 5	 178	 266	 33.816896925152605		 0.625	 0.4
266	 5	 178	 267	 33.816896925152605		 0.625	 0.4
267	 5	 140	 268	 33.816896925152605		 0.625	 0.4
268	 5	 140	 269	 33.816896925152605		 0.625	 0.4
269	 5	 224	 270	 17.468687004291315		 0.08928571428571429	 0.4
270	 5	 224	 271	 32.07574685139747		 0.5357142857142857	 0.4
271	 5	 52	 272	 16.002399495879043		 0.08928571428571429	 0.4
272	 5	 52	 273	 30.592385710303645		 0.44642857142857145	 0.4
273	 5	 132	 274	 30.592385710303645		 0.44642857142857145	 0.4
274	 5	 132	 275	 30.592385710303645		 0.44642857142857145	 0.4
275	 5	 233	 276	 29.722753319210575		 0.35714285714285715	 0.4
276	 5	 233	 277	 26.48868583230091		 0.26785714285714285	 0.4
277	 5	 86	 278	 18.55488945725597		 0.08928571428571429	 0.4
278	 5	 86	 279	 22.854987197305036		 0.17857142857142858	 0.4
279	 5	 46	 280	 20.61050071536512		 0.08928571428571429	 0.4
280	 5	 46	 281	 14.479437852150468		 0.08928571428571429	 0.4
281	 5	 207	 282	 19.429018956522334		 0.08928571428571429	 0.4
282	 5	 207	 283	 13.008522828228202		 0.08928571428571429	 0.4
283	 5	 226	 284	 36.88665071637896		 1.1607142857142856	 0.4
284	 5	 226	 285	 36.88665071637896		 1.1607142857142856	 0.4
285	 5	 90	 286	 13.269226108127338		 0.08928571428571429	 0.4
286	 5	 90	 287	 36.251976813767484		 1.0714285714285714	 0.4
287	 5	 230	 288	 36.251976813767484		 1.0714285714285714	 0.4
288	 5	 230	 289	 36.251976813767484		 1.0714285714285714	 0.4
289	 5	 246	 290	 36.251976813767484		 1.0714285714285714	 0.4
290	 5	 246	 291	 36.251976813767484		 1.0714285714285714	 0.4
291	 5	 190	 292	 36.251976813767484		 1.0714285714285714	 0.4
292	 5	 190	 293	 36.251976813767484		 1.0714285714285714	 0.4
293	 5	 250	 294	 36.251976813767484		 1.0714285714285714	 0.4
294	 5	 250	 295	 36.251976813767484		 1.0714285714285714	 0.4
295	 5	 211	 296	 25.764937220129198		 0.35714285714285715	 0.4
296	 5	 211	 297	 19.695166414969624		 0.17857142857142858	 0.4
297	 5	 85	 298	 16.722183078020127		 0.08928571428571429	 0.4
298	 5	 85	 299	 14.18523997623868		 0.08928571428571429	 0.4
299	 5	 37	 300	 20.961416899710688		 0.17857142857142858	 0.4
300	 5	 37	 301	 16.93532192217811		 0.08928571428571429	 0.4
301	 5	 290	 302	 16.154607762290254		 0.08928571428571429	 0.4
302	 5	 290	 303	 31.02564189602462		 0.7142857142857143	 0.4
303	 5	 262	 304	 31.02564189602462		 0.7142857142857143	 0.4
304	 5	 262	 305	 31.02564189602462		 0.7142857142857143	 0.4
305	 5	 256	 306	 13.669440260918599		 0.08928571428571429	 0.4
306	 5	 256	 307	 30.043723001205137		 0.625	 0.4
307	 5	 238	 308	 30.043723001205137		 0.625	 0.4
308	 5	 238	 309	 30.043723001205137		 0.625	 0.4
309	 5	 266	 310	 30.043723001205137		 0.625	 0.4
310	 5	 266	 311	 22.85979322809118		 0.26785714285714285	 0.4
311	 5	 243	 312	 16.532181923304147		 0.08928571428571429	 0.4
312	 5	 243	 313	 19.359596466947337		 0.17857142857142858	 0.4
313	 5	 303	 314	 16.267234135645374		 0.08928571428571429	 0.4
314	 5	 303	 315	 14.171417595292867		 0.08928571428571429	 0.4
315	 5	 153	 316	 24.53580255899542		 0.35714285714285715	 0.4
316	 5	 153	 317	 23.541126960036998		 0.26785714285714285	 0.4
317	 5	 67	 318	 16.359504500902677		 0.08928571428571429	 0.4
318	 5	 67	 319	 20.398025076941504		 0.17857142857142858	 0.4
319	 5	 149	 320	 16.600604014448955		 0.08928571428571429	 0.4
320	 5	 149	 321	 15.586382321656357		 0.08928571428571429	 0.4
321	 5	 95	 322	 11.72630486815351		 0.08928571428571429	 0.4
322	 5	 95	 323	 35.13249429812758		 0.9821428571428571	 0.4
323	 5	 186	 324	 35.13249429812758		 0.9821428571428571	 0.4
324	 5	 186	 325	 35.13249429812758		 0.9821428571428571	 0.4
325	 5	 166	 326	 35.13249429812758		 0.9821428571428571	 0.4
326	 5	 166	 327	 35.13249429812758		 0.9821428571428571	 0.4
327	 5	 361	 328	 35.13249429812758		 0.9821428571428571	 0.4
328	 5	 361	 329	 35.13249429812758		 0.9821428571428571	 0.4
329	 5	 281	 330	 35.13249429812758		 0.9821428571428571	 0.4
330	 5	 281	 331	 35.13249429812758		 0.9821428571428571	 0.4
331	 5	 65	 332	 14.304708902309006		 0.08928571428571429	 0.4
332	 5	 65	 333	 34.25626185429739		 0.8928571428571428	 0.4
333	 5	 199	 334	 34.25626185429739		 0.8928571428571428	 0.4
334	 5	 199	 335	 34.25626185429739		 0.8928571428571428	 0.4
335	 5	 215	 336	 34.25626185429739		 0.8928571428571428	 0.4
336	 5	 215	 337	 21.34930485573262		 0.26785714285714285	 0.4
337	 5	 336	 338	 14.773828815503707		 0.08928571428571429	 0.4
338	 5	 336	 339	 18.539367744293404		 0.17857142857142858	 0.4
339	 5	 322	 340	 15.769404169998422		 0.08928571428571429	 0.4
340	 5	 322	 341	 13.31334201559673		 0.08928571428571429	 0.4
341	 5	 151	 342	 31.06666201761228		 0.625	 0.4
342	 5	 151	 343	 31.06666201761228		 0.625	 0.4
343	 5	 342	 344	 31.06666201761228		 0.625	 0.4
344	 5	 342	 345	 31.06666201761228		 0.625	 0.4
345	 5	 76	 346	 31.06666201761228		 0.625	 0.4
346	 5	 76	 347	 31.06666201761228		 0.625	 0.4
347	 5	 81	 348	 14.7076571228252		 0.08928571428571429	 0.4
348	 5	 81	 349	 29.84314804008306		 0.5357142857142857	 0.4
349	 5	 327	 350	 29.84314804008306		 0.5357142857142857	 0.4
350	 5	 327	 351	 29.84314804008306		 0.5357142857142857	 0.4
351	 5	 62	 352	 15.254480422592412		 0.08928571428571429	 0.4
352	 5	 62	 353	 28.355802041143928		 0.44642857142857145	 0.4
353	 5	 330	 354	 28.355802041143928		 0.44642857142857145	 0.4
354	 5	 330	 355	 27.477817412303473		 0.35714285714285715	 0.4
355	 5	 311	 356	 22.19658085377638		 0.17857142857142858	 0.4
356	 5	 311	 357	 18.60561481841045		 0.08928571428571429	 0.4
357	 5	 329	 358	 16.30712662237751		 0.08928571428571429	 0.4
358	 5	 329	 359	 21.1805484249642		 0.17857142857142858	 0.4
359	 5	 341	 360	 18.524766918285046		 0.08928571428571429	 0.4
360	 5	 341	 361	 14.447956806516542		 0.08928571428571429	 0.4
361	 5	 350	 362	 12.40316039780856		 0.08928571428571429	 0.4
362	 5	 350	 363	 28.037706534387876		 0.5357142857142857	 0.4
363	 5	 324	 364	 28.037706534387876		 0.5357142857142857	 0.4
364	 5	 324	 365	 28.037706534387876		 0.5357142857142857	 0.4
365	 5	 286	 366	 28.037706534387876		 0.5357142857142857	 0.4
366	 5	 286	 367	 13.230683065554533		 0.08928571428571429	 0.4
367	 5	 338	 368	 26.944370188109144		 0.4464285714285714	 0.4
368	 5	 338	 369	 26.944370188109144		 0.4464285714285714	 0.4
369	 5	 326	 370	 26.944370188109144		 0.4464285714285714	 0.4
370	 5	 326	 371	 26.944370188109144		 0.4464285714285714	 0.4
371	 5	 363	 372	 26.944370188109144		 0.4464285714285714	 0.4
372	 5	 363	 373	 18.5742058428365		 0.17857142857142858	 0.4
373	 5	 340	 374	 15.283145461169065		 0.08928571428571429	 0.4
374	 5	 340	 375	 13.99974134277077		 0.08928571428571429	 0.4
375	 5	 368	 376	 23.443794544297372		 0.26785714285714285	 0.4
376	 5	 368	 377	 23.443794544297372		 0.26785714285714285	 0.4
377	 5	 183	 378	 23.443794544297372		 0.26785714285714285	 0.4
378	 5	 183	 379	 23.443794544297372		 0.26785714285714285	 0.4
379	 5	 365	 380	 23.443794544297372		 0.26785714285714285	 0.4
380	 5	 365	 381	 23.443794544297372		 0.26785714285714285	 0.4
381	 5	 349	 382	 19.734773165138016		 0.17857142857142858	 0.4
382	 5	 349	 383	 16.5592468085027		 0.08928571428571429	 0.4
383	 5	 185	 384	 14.476297242654312		 0.08928571428571429	 0.4
384	 5	 185	 385	 17.11422916579808		 0.08928571428571429	 0.4
385	 5	 318	 386	 17.11422916579808		 0.08928571428571429	 0.4
386	 5	 318	 387	 17.11422916579808		 0.08928571428571429	 0.4
387	 5	 328	 388	 17.11422916579808		 0.08928571428571429	 0.4
388	 5	 328	 389	 29.507430958460322		 0.7142857142857143	 0.4
389	 5	 284	 390	 29.507430958460322		 0.7142857142857143	 0.4
390	 5	 284	 391	 29.507430958460322		 0.7142857142857143	 0.4
391	 5	 344	 392	 29.507430958460322		 0.7142857142857143	 0.4
392	 5	 344	 393	 29.507430958460322		 0.7142857142857143	 0.4
393	 5	 364	 394	 13.462900268052396		 0.08928571428571429	 0.4
394	 5	 364	 395	 28.469048580878955		 0.625	 0.4
395	 5	 375	 396	 28.469048580878955		 0.625	 0.4
396	 5	 375	 397	 28.469048580878955		 0.625	 0.4
397	 5	 393	 398	 28.469048580878955		 0.625	 0.4
398	 5	 393	 399	 28.469048580878955		 0.625	 0.4
399	 5	 163	 400	 14.144511031540128		 0.08928571428571429	 0.4
400	 5	 163	 401	 27.169094326855575		 0.5357142857142857	 0.4
401	 5	 321	 402	 27.169094326855575		 0.5357142857142857	 0.4
402	 5	 321	 403	 27.169094326855575		 0.5357142857142857	 0.4
403	 5	 339	 404	 27.169094326855575		 0.5357142857142857	 0.4
404	 5	 339	 405	 27.169094326855575		 0.5357142857142857	 0.4
405	 5	 60	 406	 26.397039983251762		 0.4464285714285714	 0.4
406	 5	 60	 407	 22.13315694307146		 0.26785714285714285	 0.4
407	 5	 334	 408	 19.417765973292944		 0.17857142857142858	 0.4
408	 5	 334	 409	 16.250519308348338		 0.08928571428571429	 0.4
409	 5	 59	 410	 14.298846147175496		 0.08928571428571429	 0.4
410	 5	 59	 411	 15.000039028627834		 0.08928571428571429	 0.4
411	 5	 360	 412	 19.384501571993827		 0.17857142857142858	 0.4
412	 5	 360	 413	 15.056837148333065		 0.08928571428571429	 0.4
413	 5	 371	 414	 15.552471205888637		 0.08928571428571429	 0.4
414	 5	 371	 415	 11.551549628210072		 0.08928571428571429	 0.4
416 total number of nodes
name	 x	 y	 z
0	 -6000.0	 0.0	 10
1	 -2250.0	 0.0	 10
2	 -2250.0	 390.0	 10
3	 -2250.0	 780.0	 10
4	 -2250.0	 1170.0	 10
5	 -2250.0	 1560.0	 10
6	 -2250.0	 1950.0	 10
7	 -1859.9999999999998	 1950.0	 10
8	 -1469.9999999999995	 1950.0	 10
9	 -1079.9999999999995	 1950.0	 10
10	 -689.9999999999995	 1950.0	 10
11	 -299.9999999999995	 1950.0	 10
12	 90.0000000000005	 1950.0	 10
13	 480.0000000000005	 1950.0	 10
14	 870.0000000000005	 1950.0	 10
15	 1260.0000000000005	 1950.0	 10
16	 1650.0000000000007	 1950.0	 10
17	 2040.0000000000007	 1950.0	 10
18	 2040.0000000000007	 1560.0	 10
19	 2040.0000000000007	 1170.0	 10
20	 2040.0000000000007	 779.9999999999999	 10
21	 2040.0000000000007	 389.9999999999999	 10
22	 2040.0000000000007	 -1.3877787807814457e-13	 10
23	 1200.0000000000002	 1480.0	 10
24	 1220.0000000000002	 1419.9999999999998	 10
25	 1228.3333333333337	 1406.6666666666665	 10
26	 1319.9999999999998	 1240.0000000000002	 10
27	 1349.9999999999998	 1170.0000000000002	 10
28	 1389.9999999999998	 1070.0000000000002	 10
29	 1399.9999999999998	 970.0	 10
30	 1401.6666666666665	 955.0	 10
31	 1450.0	 810.0000000000001	 10
32	 1470.0	 730.0000000000001	 10
33	 1470.0	 670.0	 10
34	 1460.0	 590.0	 10
35	 1450.0	 549.9999999999999	 10
36	 1450.0	 470.0000000000001	 10
37	 1446.6666666666667	 451.6666666666668	 10
38	 1429.9999999999998	 239.99999999999994	 10
39	 1409.9999999999998	 180.00000000000017	 10
40	 1369.9999999999998	 170.00000000000014	 10
41	 1363.333333333333	 163.33333333333348	 10
42	 1329.9999999999998	 50.00000000000004	 10
43	 1270.0000000000002	 40.000000000000036	 10
44	 1210.0000000000002	 -20.000000000000018	 10
45	 1160.0000000000002	 -50.00000000000004	 10
46	 1153.3333333333335	 -55.00000000000005	 10
47	 420.0000000000001	 1490.0	 10
48	 470.0000000000001	 1429.9999999999998	 10
49	 478.33333333333354	 1416.6666666666667	 10
50	 530.0000000000002	 1280.0000000000002	 10
51	 500.00000000000017	 1220.0000000000002	 10
52	 490.0000000000002	 1208.3333333333337	 10
53	 400.00000000000006	 1070.0000000000002	 10
54	 400.00000000000006	 1010.0000000000001	 10
55	 400.00000000000006	 910.0	 10
56	 400.00000000000006	 840.0000000000002	 10
57	 410.0000000000001	 760.0000000000001	 10
58	 440.0000000000001	 690.0000000000001	 10
59	 438.3333333333335	 678.3333333333334	 10
60	 433.3333333333335	 593.3333333333334	 10
61	 460.0000000000001	 480.00000000000017	 10
62	 461.66666666666674	 470.0000000000001	 10
63	 440.0000000000001	 370.00000000000006	 10
64	 410.0000000000001	 310.0	 10
65	 406.6666666666668	 301.66666666666663	 10
66	 400.00000000000006	 190.00000000000017	 10
67	 403.33333333333337	 175.00000000000014	 10
68	 -30.00000000000003	 1490.0	 10
69	 -30.00000000000003	 1440.0	 10
70	 -10.000000000000009	 1369.9999999999998	 10
71	 0.0	 1310.0000000000002	 10
72	 30.00000000000003	 1230.0000000000002	 10
73	 70.00000000000006	 1140.0000000000002	 10
74	 60.00000000000006	 1070.0000000000002	 10
75	 50.00000000000004	 990.0	 10
76	 48.33333333333338	 976.6666666666666	 10
77	 20.000000000000018	 859.9999999999999	 10
78	 30.00000000000003	 800.0000000000001	 10
79	 10.000000000000009	 750.0000000000001	 10
80	 30.00000000000003	 690.0000000000001	 10
81	 33.333333333333364	 680.0	 10
82	 -489.9999999999999	 1490.0	 10
83	 -499.9999999999999	 1450.0	 10
84	 -480.0	 1389.9999999999998	 10
85	 -476.6666666666667	 1376.6666666666665	 10
86	 -456.6666666666667	 1298.333333333334	 10
87	 -440.0	 1170.0000000000002	 10
88	 -460.0	 1110.0000000000002	 10
89	 -440.0	 1040.0	 10
90	 -434.99999999999994	 1023.3333333333335	 10
91	 -379.99999999999994	 880.0	 10
92	 -409.99999999999994	 830.0000000000002	 10
93	 -429.99999999999994	 760.0000000000001	 10
94	 -450.0	 700.0000000000001	 10
95	 -436.6666666666667	 660.0	 10
96	 -1500.0	 229.99999999999991	 10
97	 -1493.3333333333333	 225.0	 10
98	 -1389.9999999999998	 200.00000000000017	 10
99	 -1376.6666666666665	 200.0000000000002	 10
100	 -1240.0	 210.0000000000002	 10
101	 -1198.3333333333333	 193.33333333333348	 10
102	 -1099.9999999999998	 170.00000000000014	 10
103	 -1040.0	 160.00000000000014	 10
104	 -980.0	 130.0000000000001	 10
105	 -930.0	 110.0000000000001	 10
106	 -890.0	 140.0000000000001	 10
107	 -849.9999999999999	 190.00000000000017	 10
108	 -799.9999999999999	 210.0000000000002	 10
109	 -740.0	 210.0000000000002	 10
110	 -2250.0	 -390.0	 10
111	 -2250.0	 -780.0	 10
112	 -2250.0	 -1170.0	 10
113	 -2250.0	 -1560.0	 10
114	 -2250.0	 -1950.0	 10
115	 -1859.9999999999998	 -1950.0	 10
116	 -1469.9999999999995	 -1950.0	 10
117	 -1079.9999999999995	 -1950.0	 10
118	 -689.9999999999995	 -1950.0	 10
119	 -299.9999999999995	 -1950.0	 10
120	 90.0000000000005	 -1950.0	 10
121	 480.0000000000005	 -1950.0	 10
122	 870.0000000000005	 -1950.0	 10
123	 1260.0000000000005	 -1950.0	 10
124	 1650.0000000000007	 -1950.0	 10
125	 2040.0000000000007	 -1950.0	 10
126	 2040.0000000000007	 -1560.0	 10
127	 2040.0000000000007	 -1170.0	 10
128	 2040.0000000000007	 -779.9999999999999	 10
129	 2040.0000000000007	 -389.9999999999999	 10
130	 1010.0000000000001	 -1500.0	 10
131	 1010.0000000000001	 -1460.0	 10
132	 1011.6666666666669	 -1450.0	 10
133	 1040.0	 -1340.0	 10
134	 1070.0000000000002	 -1280.0	 10
135	 1070.0000000000002	 -1200.0	 10
136	 1130.0000000000002	 -1140.0	 10
137	 1136.666666666667	 -1128.3333333333335	 10
138	 1173.3333333333335	 -1056.6666666666667	 10
139	 1190.0000000000002	 -900.0	 10
140	 1198.3333333333335	 -849.9999999999999	 10
141	 1170.0000000000002	 -780.0	 10
142	 1140.0000000000002	 -709.9999999999999	 10
143	 1131.6666666666667	 -695.0000000000001	 10
144	 1030.0	 -559.9999999999999	 10
145	 990.0	 -509.9999999999999	 10
146	 970.0	 -450.0	 10
147	 910.0	 -409.99999999999994	 10
148	 859.9999999999999	 -369.9999999999999	 10
149	 850.0000000000001	 -361.6666666666666	 10
150	 750.0000000000001	 -249.99999999999994	 10
151	 746.6666666666669	 -241.6666666666666	 10
152	 -279.99999999999994	 -1504.934	 10
153	 -278.33333333333326	 -1499.1116666666667	 10
154	 -189.9999999999999	 -1429.9999999999998	 10
155	 -139.99999999999986	 -1350.0	 10
156	 -109.99999999999982	 -1280.0	 10
157	 -70.00000000000006	 -1200.0	 10
158	 -40.000000000000036	 -1150.0	 10
159	 20.000000000000018	 -1109.9999999999998	 10
160	 40.000000000000036	 -1050.0	 10
161	 53.333333333333385	 -1043.3333333333333	 10
162	 150.00000000000014	 -940.0	 10
163	 155.00000000000014	 -928.3333333333334	 10
164	 210.0000000000002	 -819.9999999999999	 10
165	 219.99999999999991	 -750.0	 10
166	 226.66666666666657	 -740.0	 10
167	 -1220.0	 -1504.934	 10
168	 -1150.0	 -1490.1319999999998	 10
169	 -1079.9999999999998	 -1490.1319999999998	 10
170	 -1019.9999999999999	 -1440.0	 10
171	 -910.0	 -1419.9999999999998	 10
172	 -869.9999999999999	 -1379.9999999999998	 10
173	 -829.9999999999999	 -1310.0	 10
174	 -730.0	 -1250.0	 10
175	 -718.3333333333334	 -1243.3333333333335	 10
176	 -559.9999999999999	 -1160.0	 10
177	 -489.9999999999999	 -1119.9999999999998	 10
178	 -483.33333333333326	 -1109.9999999999998	 10
179	 -389.99999999999994	 -1009.9999999999999	 10
180	 -349.9999999999999	 -960.0	 10
181	 -359.9999999999999	 -910.0	 10
182	 -369.9999999999999	 -859.9999999999999	 10
183	 -336.6666666666665	 -809.9999999999999	 10
184	 -259.99999999999994	 -790.0	 10
185	 -244.99999999999994	 -786.6666666666667	 10
186	 -158.3333333333332	 -768.3333333333334	 10
187	 -1500.0	 -1130.0	 10
188	 -1480.0	 -1160.0	 10
189	 -1429.9999999999998	 -1220.0	 10
190	 -1416.6666666666667	 -1231.6666666666667	 10
191	 -1220.0	 -1270.0	 10
192	 -1130.0	 -1220.0	 10
193	 -1060.0	 -1140.0	 10
194	 -1050.0	 -1125.0	 10
195	 -950.0	 -950.0	 10
196	 -920.0	 -849.9999999999999	 10
197	 -890.0	 -760.0	 10
198	 -829.9999999999999	 -720.0	 10
199	 -815.0	 -714.9999999999999	 10
200	 -659.9999999999999	 -620.0	 10
201	 -610.0	 -559.9999999999999	 10
202	 -549.9999999999999	 -529.9999999999999	 10
203	 -1495.0659999999998	 -770.0	 10
204	 -1450.0	 -740.0	 10
205	 -1350.0	 -640.0	 10
206	 -1270.0	 -600.0	 10
207	 -1263.3333333333333	 -581.6666666666666	 10
208	 -1160.0	 -440.0	 10
209	 -1099.9999999999998	 -389.99999999999994	 10
210	 -1019.9999999999999	 -389.99999999999994	 10
211	 -1009.9999999999999	 -386.66666666666663	 10
212	 -859.9999999999999	 -349.9999999999999	 10
213	 -799.9999999999999	 -310.0	 10
214	 -760.0	 -239.99999999999994	 10
215	 -756.6666666666667	 -228.33333333333326	 10
216	 -1478.4986862871383	 785.6440901756287	 10
217	 -1460.0	 200.00000000000017	 10
218	 -1337.9287696105464	 868.5468127330143	 10
219	 -1475.5317568778992	 897.7729082107544	 10
220	 242.87710916664867	 -1308.555130031374	 10
221	 120.00000000000011	 -1009.9999999999999	 10
222	 -1101.1017354403014	 763.6367774671979	 10
223	 -1220.4004063356072	 987.0920199486944	 10
224	 1251.0693485317408	 868.1138036317298	 10
225	 1409.9999999999998	 880.0	 10
226	 991.5749138372919	 -747.0178730620279	 10
227	 1124.7222222222224	 -682.5	 10
228	 1482.4998378753662	 -1411.6615056991577	 10
229	 1170.0000000000002	 -1070.0	 10
230	 1388.75762782715	 -453.5278607904912	 10
231	 1090.0000000000002	 -620.0	 10
232	 932.7282011508942	 1194.3434178829193	 10
233	 1235.277777777778	 1395.5555555555554	 10
234	 -839.797705411911	 1090.8421128988266	 10
235	 -1205.481947639597	 1048.8304759341258	 10
236	 738.2015138864517	 -1204.4146656990051	 10
237	 746.8528300523758	 -883.9280903339386	 10
238	 -1252.5501360322144	 1121.7150808438475	 10
239	 -1180.6178498129134	 1151.7279025765113	 10
240	 997.3352402448654	 349.92314875125885	 10
241	 1329.9999999999998	 130.0000000000001	 10
242	 -854.89921271801	 1499.1812407970428	 10
243	 -1172.3298172040186	 1186.0270447906398	 10
244	 -1333.1645727157593	 -134.94289480149746	 10
245	 -1310.0	 200.00000000000017	 10
246	 887.3925052748788	 871.6526320079963	 10
247	 941.4393454790115	 755.9160888195038	 10
248	 -1124.2908984422684	 453.24530452489853	 10
249	 -1190.0	 190.00000000000017	 10
250	 -1079.8879861831665	 -1090.9764841198921	 10
251	 -999.9999999999999	 -1050.0	 10
252	 750.7114112377167	 1426.3401925563812	 10
253	 520.0000000000002	 1349.9999999999998	 10
254	 1499.0413188934326	 -1022.7087140083313	 10
255	 1190.0000000000002	 -990.0	 10
256	 188.6028536422075	 -1392.089537713263	 10
257	 319.4215212044893	 -1287.8901959238228	 10
258	 466.594360768795	 -1090.2199894189835	 10
259	 478.42632979154587	 -1402.9006659984589	 10
260	 -716.5694236755371	 815.8259838819504	 10
261	 -1081.3661492594476	 754.8942745283799	 10
262	 -961.5498475474913	 552.3406699483778	 10
263	 -982.6882183551788	 711.1817598342896	 10
264	 -577.898845076561	 -1471.569836139679	 10
265	 -659.9999999999999	 -1210.0	 10
266	 -592.8601394097011	 -1043.8226464390755	 10
267	 -450.0	 -1060.0	 10
268	 1426.6930520534515	 -747.0089197158813	 10
269	 1200.0000000000002	 -839.9999999999999	 10
270	 1187.7497285604477	 627.7957558631897	 10
271	 1056.8331813149982	 857.9435329635938	 10
272	 265.6468190252781	 1299.2286682128906	 10
273	 440.0000000000001	 1150.0000000000002	 10
274	 746.5693354606628	 -1491.0133183002472	 10
275	 1020.0000000000001	 -1399.9999999999998	 10
276	 1491.1162853240967	 1499.5971322059631	 10
277	 1270.0000000000002	 1339.9999999999998	 10
278	 -232.24404081702232	 1317.996084690094	 10
279	 -440.0	 1240.0000000000002	 10
280	 1177.6795983314514	 -299.9648079276085	 10
281	 1147.777777777778	 -59.16666666666673	 10
282	 -1469.1059291362762	 -410.0799560546875	 10
283	 -1230.0	 -489.9999999999999	 10
284	 791.0598964455687	 -687.7074411732178	 10
285	 873.6822228961523	 -874.3664894501369	 10
286	 -396.2078453352054	 1020.3490964240499	 10
287	 -409.99999999999994	 940.0	 10
288	 1465.097814798355	 -180.73180690407753	 10
289	 1441.5647089481354	 -407.7334329485893	 10
290	 831.24628626638	 767.9752913862468	 10
291	 713.3477181196213	 969.9129313230515	 10
292	 -1441.194862127304	 -1496.0220456123352	 10
293	 -1350.0	 -1290.0	 10
294	 -1109.3460768461227	 -745.4050332307816	 10
295	 -1229.327917098999	 -920.8589047193527	 10
296	 -1057.5222223997116	 -140.90907759964466	 10
297	 -960.0	 -369.9999999999999	 10
298	 -686.5102797746658	 1302.330195903778	 10
299	 -460.0	 1310.0000000000002	 10
300	 1262.5014781951904	 422.95869439840317	 10
301	 1429.9999999999998	 360.00000000000006	 10
302	 870.9800988435745	 560.3751912713051	 10
303	 813.8985804661559	 759.3559645737212	 10
304	 -966.1584347486496	 340.54338932037354	 10
305	 -880.1361173391342	 487.90402710437775	 10
306	 9.242465603165329	 -1468.0090546607971	 10
307	 196.87166437506676	 -1479.431390762329	 10
308	 -1496.3561296463013	 1144.2093551158905	 10
309	 -1487.8910779953003	 1486.138105392456	 10
310	 -784.9591970443726	 -1064.8275166749954	 10
311	 -604.2335861259037	 -1025.527902195851	 10
312	 -1262.7886235713959	 1491.9844269752502	 10
313	 -1130.889654159546	 1357.5227558612823	 10
314	 589.3035233020782	 819.283053278923	 10
315	 727.1600514650345	 716.2593305110931	 10
316	 -387.5861316919327	 -1315.0198757648468	 10
317	 -269.99999999999994	 -1470.0	 10
318	 669.1074788901541	 200.3317728638649	 10
319	 420.0000000000001	 100.00000000000009	 10
320	 667.3916429281235	 -527.6008695363998	 10
321	 841.6666666666669	 -354.7222222222222	 10
322	 -445.4544630922653	 619.615984848804	 10
323	 -429.99999999999994	 640.0	 10
324	 -199.16129364735545	 -566.4707331524954	 10
325	 -99.99999999999982	 -760.0	 10
326	 197.730921258529	 -628.988868445158	 10
327	 232.22222222222214	 -731.6666666666667	 10
328	 -484.60381595624824	 303.5512538502614	 10
329	 -491.15100450537824	 409.6191060625845	 10
330	 1035.9526509377695	 -28.98013588041071	 10
331	 1120.0000000000002	 -80.00000000000007	 10
332	 178.91446128487587	 396.22317999601364	 10
333	 390.00000000000006	 259.99999999999994	 10
334	 -820.4352523883185	 -655.2407047152519	 10
335	 -740.0	 -689.9999999999999	 10
336	 -670.3566305504905	 -189.93961613211363	 10
337	 -740.0	 -169.9999999999999	 10
338	 -667.8783590705308	 -130.05816515492	 10
339	 -611.2240821233504	 -220.55783301315927	 10
340	 -327.1629604090143	 578.0928944009875	 10
341	 -452.7776267802642	 585.9626388894739	 10
342	 659.2889618045755	 -220.3531462181773	 10
343	 730.0000000000001	 -199.9999999999999	 10
344	 633.4835162344908	 -129.82945868797185	 10
345	 407.0878401398659	 -290.2235835790634	 10
346	 223.4954573214054	 924.5172888040543	 10
347	 40.000000000000036	 910.0	 10
348	 239.91137742996216	 664.396658539772	 10
349	 36.11111111111114	 671.6666666666666	 10
350	 356.5888754692342	 -678.1229661901792	 10
351	 259.99999999999994	 -689.9999999999999	 10
352	 672.692283987999	 442.27901846170425	 10
353	 470.0000000000001	 420.0000000000001	 10
354	 923.7822145223618	 137.38589361310005	 10
355	 924.3001788854599	 -66.88335444778204	 10
356	 -569.6424469351768	 -782.6093584299088	 10
357	 -661.1008197069168	 -934.0541809797287	 10
358	 -681.9053739309311	 402.9269516468048	 10
359	 -499.93880093097687	 369.2350909113884	 10
360	 -561.1692477158681	 616.840953838402	 10
361	 -489.3934452202585	 417.6959090928237	 10
362	 430.71914464235306	 -512.3419314622879	 10
363	 392.4436554091948	 -709.901992612415	 10
364	 -268.8093750634127	 -477.5362795177434	 10
365	 -194.6944609215414	 -551.1746293692677	 10
366	 -178.92107367515564	 842.2081917524338	 10
367	 -202.24707201123238	 1005.4279118776321	 10
368	 -739.346342539346	 -82.58295139741948	 10
369	 -557.9124391078949	 -18.140077590942383	 10
370	 261.22452691197395	 -439.9896040558815	 10
371	 185.20585110204084	 -616.986024255554	 10
372	 422.2327098250389	 -866.222158074379	 10
373	 506.0737207531929	 -680.6979328393936	 10
374	 -177.596528083086	 652.1990150213242	 10
375	 -310.0539540986956	 561.5366117373386	 10
376	 -896.5805917978287	 -100.42231529951096	 10
377	 -767.931193113327	 -2.450448810122907	 10
378	 -413.0423441529274	 -650.8287787437439	 10
379	 -329.9999999999999	 -799.9999999999999	 10
380	 31.740423291921616	 -414.39052671194077	 10
381	 -172.36029729247093	 -474.6941104531288	 10
382	 -38.108115550130606	 473.9600792527199	 10
383	 50.00000000000004	 630.0	 10
384	 -140.47966338694096	 -939.9212896823883	 10
385	 -169.9999999999999	 -770.0	 10
386	 816.7039602994919	 330.0565481185913	 10
387	 698.6518949270248	 174.23352226614952	 10
388	 -591.1818891763687	 162.6858115196228	 10
389	 -424.1303354501724	 202.7669921517372	 10
390	 666.7646765708923	 -717.0519977807999	 10
391	 807.0850372314453	 -648.3742594718933	 10
392	 699.0756839513779	 12.53994065336883	 10
393	 559.2990685861421	 -93.86981597808362	 10
394	 -292.9319627583027	 -289.6546758711338	 10
395	 -361.22020334005356	 -438.07540088891983	 10
396	 -283.74165296554565	 314.2661973834038	 10
397	 -224.50892254710197	 478.7551984190941	 10
398	 402.88958698511124	 -107.87409730255604	 10
399	 561.9792640209198	 -65.22862706333399	 10
400	 27.17756200581789	 -863.1204068660736	 10
401	 180.00000000000017	 -869.9999999999999	 10
402	 938.8288110494614	 -228.7370152771473	 10
403	 800.0000000000001	 -320.0	 10
404	 -548.357293009758	 -355.4242476820946	 10
405	 -437.56067752838135	 -208.1642858684063	 10
406	 298.4582632780075	 504.89187240600586	 10
407	 440.0000000000001	 539.9999999999999	 10
408	 -717.6677882671356	 -449.233278632164	 10
409	 -831.3057571649551	 -535.7221141457558	 10
410	 602.6532128453255	 631.5399706363678	 10
411	 430.0000000000001	 620.0	 10
412	 -744.4614917039871	 574.6510997414589	 10
413	 -615.36505818367	 632.2801113128662	 10
414	 22.38166518509388	 -663.5774672031403	 10
415	 122.5805003196001	 -556.9718033075333	 10
1 total number of boundary nodes
node	 bctyp	 press/flow	 HD	 PO2	 solute
0	 2	 10.0	 0.4	 40.0	 1.
